33.37716959 13.94026831 -0.15484421
33.29801235 14.02624399 -0.02403582
33.24381605 14.09738277 0.09674289
33.21016110 14.15599367 0.20932348
33.19319296 14.20410376 0.31528124
33.18956626 14.24348619 0.41596334
33.19639346 14.27568582 0.51251444
33.21119749 14.30204281 0.60590000
33.23186844 14.32371405 0.69692750
33.25662374 14.34169283 0.78626564
33.28397174 14.35682678 0.87446175
33.31267844 14.36983414 0.96195754
33.34173713 14.38131864 1.04910321
33.37034071 14.39178293 1.13617027
33.39785663 14.40164083 1.22336287
33.42380402 14.41122835 1.31082809
33.44783311 14.42081368 1.39866500
33.46970663 14.43060616 1.48693274
33.48928301 14.44076438 1.57565771
33.50650135 14.45140340 1.66483981
33.52136795 14.46260129 1.75445805
33.53394428 14.47440484 1.84447528
33.54433635 14.48683479 1.93484248
33.55268520 14.49989033 2.02550226
33.55915861 14.51355314 2.11639202
33.56394378 14.52779100 2.20744653
33.56724101 14.54256081 2.29860012
33.56925817 14.55781137 2.38978849
33.57020597 14.57348569 2.48095019
33.57029396 14.58952304 2.57202776
33.56972714 14.60586065 2.66296869
33.56870316 14.62243521 2.75372604
33.56741002 14.63918408 2.84425890
33.56602427 14.65604633 2.93453275
33.56470957 14.67296353 3.02451949
33.56361566 14.68988048 3.11419751
33.56287764 14.70674565 3.20355156
33.56261554 14.72351165 3.29257253
33.56293415 14.74013542 3.38125719
33.56392302 14.75657847 3.46960782
33.56565671 14.77280695 3.55763180
33.56819518 14.78879165 3.64534123
33.57158428 14.80450796 3.73275241
33.57585640 14.81993578 3.81988540
33.58103117 14.83505936 3.90676351
33.58711627 14.84986713 3.99341280
33.59410826 14.86435148 4.07986164
33.60199348 14.87850855 4.16614017
33.61074896 14.89233794 4.25227988
33.62034333 14.90584248 4.33831313
33.63073777 14.91902794 4.42427277
33.64188695 14.93190279 4.51019170
33.65373989 14.94447787 4.59610252
33.66624090 14.95676615 4.68203715
33.67933043 14.96878249 4.76802657
33.69294589 14.98054332 4.85410047
33.70702245 14.99206640 4.94028703
33.72149380 15.00337063 5.02661268
33.73629286 15.01447573 5.11310189
33.75135243 15.02540212 5.19977704
33.76660585 15.03617060 5.28665822
33.78198751 15.04680227 5.37376317
33.79743343 15.05731825 5.46110719
33.81288171 15.06773957 5.54870304
33.82827295 15.07808700 5.63656097
33.84355062 15.08838092 5.72468863
33.85866142 15.09864116 5.81309117
33.87355554 15.10888692 5.90177119
33.88818690 15.11913665 5.99072885
33.90251337 15.12940797 6.07996192
33.91649688 15.13971760 6.16946585
33.93010356 15.15008126 6.25923387
33.94330384 15.16051364 6.34925713
33.95607245 15.17102838 6.43952480
33.96838844 15.18163798 6.53002419
33.98023515 15.19235382 6.62074093
33.99160021 15.20318610 6.71165909
34.00247535 15.21414388 6.80276132
34.01285643 15.22523505 6.89402906
34.02274318 15.23646631 6.98544265
34.03213915 15.24784325 7.07698150
34.04105151 15.25937030 7.16862430
34.04949084 15.27105077 7.26034913
34.05747098 15.28288692 7.35213363
34.06500880 15.29487991 7.44395519
34.07212396 15.30702991 7.53579109
34.07883875 15.31933610 7.62761863
34.08517776 15.33179673 7.71941533
34.09116774 15.34440912 7.81115902
34.09683728 15.35716977 7.90282800
34.10221663 15.37007436 7.99440118
34.10733740 15.38311782 8.08585817
34.11223239 15.39629435 8.17717945
34.11693528 15.40959753 8.26834641
34.12148043 15.42302029 8.35934150
34.12590268 15.43655503 8.45014832
34.13023707 15.45019365 8.54075167
34.13451865 15.46392758 8.63113764
34.13878228 15.47774786 8.72129368
34.14306244 15.49164516 8.81120866
34.14739301 15.50560985 8.90087291
34.15180709 15.51963207 8.99027826
34.15633689 15.53370171 9.07941805
34.16101347 15.54780855 9.16828720
34.16586670 15.56194221 9.25688217
34.17092505 15.57609226 9.34520099
34.17621550 15.59024824 9.43324327
34.18176340 15.60439972 9.52101015
34.18759242 15.61853630 9.60850432
34.19372441 15.63264768 9.69572997
34.20017935 15.64672372 9.78269276
34.20697528 15.66075443 9.86939978
34.21412826 15.67473001 9.95585953
34.22165233 15.68864093 10.04208181
34.22955945 15.70247790 10.12807773
34.23785952 15.71623197 10.21385960
34.24656035 15.72989449 10.29944088
34.25566771 15.74345719 10.38483609
34.26518526 15.75691216 10.47006077
34.27511467 15.77025193 10.55513138
34.28545558 15.78346946 10.64006520
34.29620569 15.79655816 10.72488026
34.30736079 15.80951192 10.80959529
34.31891483 15.82232515 10.89422954
34.33085998 15.83499274 10.97880278
34.34318673 15.84751016 11.06333515
34.35588391 15.85987341 11.14784709
34.36893886 15.87207905 11.23235925
34.38233747 15.88412424 11.31689238
34.39606427 15.89600672 11.40146723
34.41010260 15.90772484 11.48610449
34.42443462 15.91927757 11.57082465
34.43904152 15.93066450 11.65564798
34.45390355 15.94188585 11.74059434
34.46900019 15.95294248 11.82568318
34.48431024 15.96383590 11.91093342
34.49981195 15.97456826 11.99636336
34.51548315 15.98514236 12.08199059
34.53130134 15.99556167 12.16783197
34.54724384 16.00583031 12.25390347
34.56328789 16.01595304 12.34022015
34.57941079 16.02593529 12.42679610
34.59558999 16.03578313 12.51364432
34.61180324 16.04550329 12.60077673
34.62802865 16.05510314 12.68820406
34.64424488 16.06459067 12.77593580
34.66043115 16.07397454 12.86398019
34.67656745 16.08326398 12.95234412
34.69263454 16.09246889 13.04103312
34.70861414 16.10159973 13.13005134
34.72448893 16.11066757 13.21940147
34.74024273 16.11968405 13.30908474
34.75586051 16.12866139 13.39910091
34.77132852 16.13761235 13.48944821
34.78663432 16.14655023 13.58012337
34.80176691 16.15548885 13.67112157
34.81671673 16.16444251 13.76243646
34.83147573 16.17342601 13.85406015
34.84603747 16.18245461 13.94598321
34.86039712 16.19154399 14.03819466
34.87455149 16.20071026 14.13068202
34.88849913 16.20996992 14.22343129
34.90224029 16.21933984 14.31642697
34.91577697 16.22883721 14.40965213
34.92911295 16.23847956 14.50308834
34.94225378 16.24828468 14.59671581
34.95520680 16.25827064 14.69051334
34.96798114 16.26845571 14.78445839
34.98058769 16.27885839 14.87852712
34.99303912 16.28949732 14.97269443
35.00534986 16.30039126 15.06693400
35.01753603 16.31155909 15.16121835
35.02961549 16.32301976 15.25551886
35.04160774 16.33479221 15.34980587
35.05353391 16.34689540 15.44404871
35.06541673 16.35934825 15.53821574
35.07728044 16.37216958 15.63227444
35.08915079 16.38537809 15.72619146
35.10105492 16.39899235 15.81993268
35.11302139 16.41303069 15.91346330
35.12508001 16.42751124 16.00674784
35.13726185 16.44245184 16.09975028
35.14959912 16.45787001 16.19243409
35.16212515 16.47378293 16.28476231
35.17487423 16.49020736 16.37669762
35.18788162 16.50715964 16.46820239
35.20118338 16.52465563 16.55923877
35.21481636 16.54271068 16.64976877
35.22881805 16.56133956 16.73975428
35.24322654 16.58055647 16.82915722
35.25808037 16.60037495 16.91793953
35.27341852 16.62080787 17.00606329
35.28928022 16.64186739 17.09349075
35.30570492 16.66356490 17.18018444
35.32273219 16.68591100 17.26610721
35.34040159 16.70891547 17.35122230
35.35875260 16.73258721 17.43549339
35.37782451 16.75693422 17.51888470
35.39765634 16.78196354 17.60136100
35.41828673 16.80768126 17.68288774
35.43975385 16.83409246 17.76343103
35.46209530 16.86120116 17.84295774
35.48534804 16.88901032 17.92143557
35.50954827 16.91752180 17.99883306
35.53473135 16.94673631 18.07511967
35.56093172 16.97665342 18.15026582
35.58818281 17.00727151 18.22424294
35.61651696 17.03858774 18.29702350
35.64596531 17.07059804 18.36858108
35.67655778 17.10329710 18.43889039
35.70832293 17.13667830 18.50792730
35.74128792 17.17073376 18.57566890
35.77547847 17.20545426 18.64209352
35.81091870 17.24082930 18.70718073
35.84763117 17.27684698 18.77091144
35.88563675 17.31349410 18.83326785
35.92495461 17.35075609 18.89423350
35.96560211 17.38861699 18.95379331
36.00759480 17.42705951 19.01193358
36.05094638 17.46606495 19.06864199
36.09566859 17.50561325 19.12390763
36.14177125 17.54568299 19.17772103
36.18926218 17.58625136 19.23007410
36.23814719 17.62729420 19.28096022
36.28843004 17.66878598 19.33037416
36.34011242 17.71069984 19.37831216
36.39319394 17.75300758 19.42477184
36.44767212 17.79567968 19.46975229
36.50354236 17.83868530 19.51325397
36.56079796 17.88199234 19.55527876
36.61943008 17.92556744 19.59582994
36.67942780 17.96937597 19.63491214
36.74077808 18.01338211 19.67253137
36.80346579 18.05754885 19.70869497
36.86747371 18.10183802 19.74341161
36.93278257 18.14621032 19.77669125
36.99937106 18.19062537 19.80854511
37.06721587 18.23504172 19.83898568
37.13629168 18.27941691 19.86802665
37.20657125 18.32370752 19.89568289
37.27802543 18.36786917 19.92197045
37.35062320 18.41185661 19.94690649
37.42433170 18.45562372 19.97050925
37.49911633 18.49912360 19.99279804
37.57494072 18.54230861 20.01379316
37.65176689 18.58513041 20.03351593
37.72955520 18.62753999 20.05198856
37.80826448 18.66948778 20.06923419
37.88785207 18.71092367 20.08527681
37.96827388 18.75179707 20.10014120
38.04948450 18.79205698 20.11385295
38.13143719 18.83165202 20.12643834
38.21408402 18.87053054 20.13792436
38.29737595 18.90864064 20.14833863
38.38126284 18.94593026 20.15770936
38.46569360 18.98234722 20.16606530
38.55061622 19.01783930 20.17343572
38.63597790 19.05235431 20.17985033
38.72172509 19.08584015 20.18533927
38.80780358 19.11824487 20.18993301
38.89415862 19.14951674 20.19366236
38.98073497 19.17960435 20.19655841
39.06747701 19.20845661 20.19865245
39.15432879 19.23602289 20.19997597
39.24123418 19.26225304 20.20056059
39.32813691 19.28709749 20.20043802
39.41498067 19.31050729 20.19964002
39.50170921 19.33243420 20.19819833
39.58826640 19.35283075 20.19614469
39.67459637 19.37165029 20.19351074
39.76064355 19.38884710 20.19032798
39.84635276 19.40437642 20.18662776
39.93166933 19.41819451 20.18244123
40.01653914 19.43025876 20.17779928
40.10090876 19.44052770 20.17273255
40.18472548 19.44896109 20.16727134
40.26793741 19.45552000 20.16144558
40.35049358 19.46016681 20.15528485
40.43234398 19.46286534 20.14881827
40.51343970 19.46358088 20.14207454
40.59373292 19.46228020 20.13508185
40.67317705 19.45893170 20.12786788
40.75172678 19.45350538 20.12045978
40.82933814 19.44597292 20.11288409
40.90596860 19.43630774 20.10516681
40.98157706 19.42448503 20.09733326
41.05612403 19.41048183 20.08940815
41.12957158 19.39427701 20.08141551
41.20188344 19.37585137 20.07337869
41.27302507 19.35518766 20.06532031
41.34296367 19.33227061 20.05726230
41.41166831 19.30708696 20.04922581
41.47910986 19.27962553 20.04123128
41.54526112 19.24987720 20.03329833
41.61009684 19.21783496 20.02544583
41.67359373 19.18349395 20.01769185
41.73573055 19.14685145 20.01005368
41.79648806 19.10790693 20.00254775
41.85584914 19.06666203 19.99518972
41.91379874 19.02312064 19.98799443
41.97032391 18.97728882 19.98097586
42.02541389 18.92917489 19.97414720
42.07906003 18.87878939 19.96752081
42.13125585 18.82614511 19.96110819
42.18199704 18.77125706 19.95492007
42.23128149 18.71414251 19.94896631
42.27910922 18.65482092 19.94325598
42.32548249 18.59331402 19.93779735
42.37040564 18.52964569 19.93259783
42.41388528 18.46384207 19.92766411
42.45593009 18.39593144 19.92300202
42.49655092 18.32594426 19.91861668
42.53576073 18.25391309 19.91451240
42.57357459 18.17987265 19.91069272
42.61000964 18.10385973 19.90716051
42.64508506 18.02591316 19.90391786
42.67882205 17.94607379 19.90096611
42.71124380 17.86438448 19.89830600
42.74237546 17.78089002 19.89593755
42.77224409 17.69563708 19.89386007
42.80087860 17.60867424 19.89207228
42.82830976 17.52005187 19.89057228
42.85457012 17.42982209 19.88935753
42.87969393 17.33803875 19.88842494
42.90371717 17.24475737 19.88777081
42.92667742 17.15003508 19.88739096
42.94861385 17.05393053 19.88728063
42.96956714 16.95650389 19.88743458
42.98957943 16.85781672 19.88784714
43.00869425 16.75793197 19.88851209
43.02695652 16.65691390 19.88942290
43.04441232 16.55482794 19.89057252
43.06110907 16.45174076 19.89195356
43.07709519 16.34772008 19.89355832
43.09242027 16.24283458 19.89537871
43.10713481 16.13715401 19.89740630
43.12129031 16.03074885 19.89963247
43.13493908 15.92369044 19.90204826
43.14813419 15.81605086 19.90464449
43.16092946 15.70790277 19.90741178
43.17337924 15.59931941 19.91034054
43.18553859 15.49037446 19.91342100
43.19746283 15.38114208 19.91664332
43.20920786 15.27169664 19.91999742
43.22082978 15.16211273 19.92347327
43.23238499 15.05246520 19.92706063
43.24392993 14.94282885 19.93074928
43.25552134 14.83327852 19.93452894
43.26721572 14.72388891 19.93838939
43.27906965 14.61473456 19.94232030
43.29113948 14.50588971 19.94631151
43.30348136 14.39742818 19.95035281
43.31615114 14.28942349 19.95443407
43.32920422 14.18194856 19.95854542
43.34269557 14.07507567 19.96267679
43.35667976 13.96887651 19.96681858
43.37121046 13.86342190 19.97096106
43.38634094 13.75878179 19.97509488
43.40212355 13.65502538 19.97921065
43.41860976 13.55222065 19.98329945
43.43585042 13.45043465 19.98735228
43.45389509 13.34973316 19.99136065
43.47279253 13.25018087 19.99531610
43.49259032 13.15184092 19.99921038
43.51333477 13.05477540 20.00303582
43.53507115 12.95904466 20.00678471
43.55784343 12.86470767 20.01044972
43.58169412 12.77182193 20.01402388
43.60666438 12.68044298 20.01750047
43.63279397 12.59062481 20.02087316
43.66012111 12.50241987 20.02413578
43.68868247 12.41587839 20.02728259
43.71851316 12.33104897 20.03030828
43.74964652 12.24797812 20.03320763
43.78211444 12.16671061 20.03597602
43.81594676 12.08728882 20.03860913
43.85117174 12.00975339 20.04110279
43.88781596 11.93414243 20.04345352
43.92590381 11.86049234 20.04565782
43.96545810 11.78883705 20.04771292
44.00649963 11.71920809 20.04961613
44.04904723 11.65163491 20.05136518
44.09311785 11.58614492 20.05295828
44.13872665 11.52276269 20.05439382
44.18588616 11.46151047 20.05567070
44.23460766 11.40240866 20.05678812
44.28489994 11.34547470 20.05774564
44.33677000 11.29072350 20.05854287
44.39022254 11.23816837 20.05918038
44.44526042 11.18781921 20.05965835
44.50188438 11.13968394 20.05997794
44.56009296 11.09376809 20.06014024
44.61988310 11.05007464 20.06014654
44.68124923 11.00860386 20.05999894
44.74418363 10.96935372 20.05969949
44.80867711 10.93232006 20.05925039
44.87471804 10.89749586 20.05865430
44.94229292 10.86487191 20.05791430
45.01138616 10.83443631 20.05703359
45.08198034 10.80617521 20.05601559
45.15405588 10.78007208 20.05486387
45.22759160 10.75610791 20.05358236
45.30256382 10.73426174 20.05217521
45.37894793 10.71451032 20.05064675
45.45671652 10.69682765 20.04900178
45.53584108 10.68118627 20.04724451
45.61629060 10.66755571 20.04538019
45.69803313 10.65590383 20.04341386
45.78103442 10.64619674 20.04135049
45.86525891 10.63839781 20.03919562
45.95066915 10.63246840 20.03695471
46.03722625 10.62836902 20.03463295
46.12488977 10.62605671 20.03223647
46.21361791 10.62548786 20.02977085
46.30336730 10.62661647 20.02724168
46.39409300 10.62939519 20.02465528
46.48574920 10.63377437 20.02201723
46.57828845 10.63970397 20.01933353
46.67166208 10.64713111 20.01661039
46.76582036 10.65600243 20.01385368
46.86071249 10.66626206 20.01106916
46.95628645 10.67785385 20.00826340
47.05248936 10.69072042 20.00544169
47.14926801 10.70480162 20.00261029
47.24656641 10.72003879 19.99977495
47.34432979 10.73637056 19.99694193
47.44250197 10.75373375 19.99411627
47.54102553 10.77206634 19.99130421
47.63984321 10.79130409 19.98851095
47.73889654 10.81138292 19.98574203
47.83812698 10.83223758 19.98300298
47.93747505 10.85380237 19.98029923
48.03688182 10.87601083 19.97763562
48.13628750 10.89879739 19.97501667
48.23563169 10.92209259 19.97244795
48.33485392 10.94583301 19.96993425
48.43389432 10.96994783 19.96747927
48.53269236 10.99437208 19.96508804
48.63118727 11.01903681 19.96276484
48.72931973 11.04387615 19.96051264
48.82702846 11.06882172 19.95833704
48.92425443 11.09380679 19.95624009
49.02093675 11.11876552 19.95422576
49.11701639 11.14363134 19.95229728
49.21243575 11.16833847 19.95045728
49.30713463 11.19282158 19.94870967
49.40105484 11.21701649 19.94705562
49.49414033 11.24085903 19.94549892
49.58633277 11.26428694 19.94404089
49.67757656 11.28723714 19.94268323
49.76781583 11.30964870 19.94142797
49.85699608 11.33146184 19.94027725
49.94506354 11.35261734 19.93923157
50.03196450 11.37305604 19.93829147
50.11764804 11.39272270 19.93745987
50.20206249 11.41156111 19.93673489
50.28515609 11.42951624 19.93611907
50.36688247 11.44653606 19.93561133
50.44719232 11.46256754 19.93521146
50.52603903 11.47756382 19.93491910
50.60337618 11.49147457 19.93473562
50.67916047 11.50425243 19.93465832
50.75334857 11.51585252 19.93468636
50.82589824 11.52623133 19.93482006
50.89676930 11.53534778 19.93505666
50.96592256 11.54316099 19.93539622
51.03332064 11.54963311 19.93583575
51.09892730 11.55472889 19.93637385
51.16270633 11.55841175 19.93700845
51.22462626 11.56065063 19.93773631
51.28465311 11.56141393 19.93855691
51.34275881 11.56067346 19.93946754
51.39891281 11.55840287 19.94046413
51.45308856 11.55457595 19.94154502
51.50526141 11.54917115 19.94270688
51.55540301 11.54217155 19.94394623
51.60349682 11.53355092 19.94525932
51.64951796 11.52329876 19.94664395
51.69344763 11.51139639 19.94809783
51.73526919 11.49783511 19.94961359
51.77496446 11.48260314 19.95119102
51.81252189 11.46569170 19.95282601
51.84792620 11.44709471 19.95451322
51.88116625 11.42680810 19.95624894
51.91223284 11.40482875 19.95803005
51.94111907 11.38115816 19.95985207
51.96781678 11.35580001 19.96171283
51.99232087 11.32875518 19.96360447
52.01463023 11.30002677 19.96552649
52.03474150 11.26962962 19.96747305
52.05265449 11.23756819 19.96944018
52.06837169 11.20385684 19.97142307
52.08189269 11.16850609 19.97341885
52.09322612 11.13153254 19.97542368
52.10237441 11.09295623 19.97743050
52.10934637 11.05278900 19.97944160
52.11415215 11.01105831 19.98144532
52.11679886 10.96778297 19.98344215
52.11729944 10.92298674 19.98542600
52.11566857 10.87669533 19.98739451
52.11191750 10.82893829 19.98934475
52.10606328 10.77973688 19.99127204
52.09812023 10.72913004 19.99317264
52.08810691 10.67713480 19.99504373
52.07604823 10.62380119 19.99688044
52.06195772 10.56914740 19.99867834
52.04585878 10.51321862 20.00043633
52.02777346 10.45604101 20.00215244
52.00772876 10.39766568 20.00381985
51.98574642 10.33811484 20.00543908
51.96185273 10.27743876 20.00700600
51.93607161 10.21566512 20.00851930
51.90843704 10.15285001 20.00997509
51.87897079 10.08901910 20.01137262
51.84770471 10.02422397 20.01270478
51.81467152 9.95850345 20.01397775
51.77989740 9.89189932 20.01517896
51.74341571 9.82446313 20.01631966
51.70526299 9.75622338 20.01738755
51.66546043 9.68723940 20.01838400
51.62405325 9.61754650 20.01931386
51.58107231 9.54718213 20.02016694
51.53654724 9.47621378 20.02094872
51.49051748 9.40465764 20.02165436
51.44302401 9.33258314 20.02228500
51.39408680 9.26001046 20.02283909
51.34375439 9.18700668 20.02332090
51.29206162 9.11359744 20.02372268
51.23904196 9.03983892 20.02404990
51.18473961 8.96576447 20.02430286
51.12918229 8.89142860 20.02448228
51.07240901 8.81685336 20.02458102
51.01446357 8.74209929 20.02460793
50.95537834 8.66720211 20.02456713
50.89519505 8.59218918 20.02444557
50.83394345 8.51711246 20.02426335
50.77167307 8.44201906 20.02399904
50.70841070 8.36692866 20.02367304
50.64419154 8.29188305 20.02327997
50.57907350 8.21690897 20.02282227
50.51306638 8.14206200 20.02229762
50.44623265 8.06736277 20.02172032
50.37858609 7.99283608 20.02107729
50.31017878 7.91853157 20.02037205
50.24104614 7.84446200 20.01961954
50.17121884 7.77066425 20.01881300
50.10073665 7.69715314 20.01795337
50.02963077 7.62397847 20.01704319
49.95793911 7.55113939 20.01609568
49.88569996 7.47867283 20.01510790
49.81293790 7.40659192 20.01407117
49.73969918 7.33491883 20.01300275
49.66601281 7.26369722 20.01190225
49.59190664 7.19288453 20.01076487
49.51741400 7.12254865 20.00960430
49.44257201 7.05266739 20.00842338
49.36742672 6.98329878 20.00721387
49.29197210 6.91441622 20.00598809
49.21627734 6.84602698 20.00475713
49.14034457 6.77816170 20.00349755
49.06422161 6.71080888 20.00223467
48.98793206 6.64397438 20.00097177
48.91150209 6.57763346 19.99970973
48.83496261 6.51185364 19.99843779
48.75834699 6.44657366 19.99716934
48.68165454 6.38182057 19.99592094
48.60494629 6.31759745 19.99467131
48.52823201 6.25385475 19.99343020
48.45154096 6.19061564 19.99221006
48.37489321 6.12789288 19.99101582
48.29833397 6.06561785 19.98984657
48.22186649 6.00383230 19.98868747
48.14550760 5.94249505 19.98756523
48.06928294 5.88160696 19.98645718
47.99324764 5.82113223 19.98539710
47.91739558 5.76107974 19.98436960
47.84173399 5.70141141 19.98338126
47.76631953 5.64209275 19.98243126
47.69114480 5.58315648 19.98151722
47.61622413 5.52452266 19.98064980
47.54162752 5.46617839 19.97983466
47.46731641 5.40811470 19.97906248
47.39334089 5.35033671 19.97834035
47.31970495 5.29279263 19.97767723
47.24643146 5.23537614 19.97704095
47.17354437 5.17816405 19.97648350
47.10105755 5.12111681 19.97598008
47.02898325 5.06412716 19.97551701
46.95735119 5.00728496 19.97512274
46.88615002 4.95046862 19.97479722
46.81542525 4.89363093 19.97451471
46.74517400 4.83680339 19.97429702
46.67541998 4.77993882 19.97412454
46.60619905 4.72296795 19.97403329
46.53746971 4.66588843 19.97400994
46.46930213 4.60870861 19.97401066
46.40170869 4.55132009 19.97409865
46.33465388 4.49369777 19.97424011
46.26818757 4.43581717 19.97444563
46.20232702 4.37775575 19.97470120
46.13709701 4.31927631 19.97502859
46.07248598 4.26049766 19.97539778
46.00849889 4.20132987 19.97582751
45.94518461 4.14177061 19.97631179
45.88253699 4.08176999 19.97684404
45.82057005 4.02129165 19.97745185
45.75931611 3.96032371 19.97808765
45.69874647 3.89878381 19.97877162
45.63893731 3.83675939 19.97949833
45.57985621 3.77404863 19.98030395
45.52151103 3.71080646 19.98113397
45.46394119 3.64691627 19.98200342
45.40716482 3.58231712 19.98291052
45.35119058 3.51705381 19.98387959
45.29599200 3.45108917 19.98484013
45.24167106 3.38439778 19.98586595
45.18815314 3.31693631 19.98689826
45.13550171 3.24871429 19.98799185
45.08373151 3.17969848 19.98907818
45.03282934 3.10990617 19.99024532
44.98284265 3.03921154 19.99132373
44.93375252 2.96780524 19.99250950
44.88557805 2.89548812 19.99370394
44.83837159 2.82232450 19.99488122
44.79214671 2.74832926 19.99606670
44.74688506 2.67347631 19.99730577
44.70261045 2.59777089 19.99849728
44.65933951 2.52108466 19.99969886
44.61706499 2.44360599 20.00089328
44.57585264 2.36520583 20.00207834
44.53574023 2.28601604 20.00327463
44.49665598 2.20597751 20.00450377
44.45865655 2.12504488 20.00561174
44.42177827 2.04319706 20.00677187
44.38599535 1.96062023 20.00792277
44.35140612 1.87718509 20.00899448
44.31796409 1.79293294 20.01008472
44.28564679 1.70789146 20.01113820
44.25459565 1.62215210 20.01217356
44.22469707 1.53558698 20.01316563
44.19603154 1.44828973 20.01410770
44.16861359 1.36034108 20.01503686
44.14240735 1.27184493 20.01584830
44.11750928 1.18250956 20.01670261
44.09387944 1.09257460 20.01749095
44.07164720 1.00215835 20.01822923
44.05065115 0.91115612 20.01898898
44.03100369 0.81962850 20.01961668
44.01270427 0.72770785 20.02020176
43.99577758 0.63538195 20.02075842
43.98024214 0.54251013 20.02123640
43.96608948 0.44950744 20.02167495
43.95342516 0.35602836 20.02198772
43.94214919 0.26236182 20.02234291
43.93222227 0.16862985 20.02268106
43.92384139 0.07458432 20.02288142
43.91689732 -0.01956028 20.02300119
43.91147848 -0.11372864 20.02301902
43.90759483 -0.20767585 20.02308892
43.90503921 -0.30169637 20.02302847
43.90414110 -0.39569569 20.02294483
43.90475437 -0.48939589 20.02284942
43.90680584 -0.58279524 20.02252290
43.91044993 -0.67589459 20.02237889
43.91577494 -0.76876560 20.02197427
43.92260595 -0.86107778 20.02163030
43.93091840 -0.95283681 20.02120433
43.94094086 -1.04415188 20.02070768
43.95236595 -1.13487176 20.02014454
43.96561714 -1.22487950 20.01948887
43.98023051 -1.31416950 20.01884638
43.99657296 -1.40242956 20.01824877
44.01450265 -1.49001796 20.01738390
44.03399075 -1.57658785 20.01667172
44.05507699 -1.66215131 20.01578482
44.07787548 -1.74641017 20.01484866
44.10213672 -1.82982149 20.01400173
44.12806324 -1.91194223 20.01302415
44.15548497 -1.99275284 20.01200159
44.18459151 -2.07207596 20.01094829
44.21536493 -2.15039961 20.00994692
44.24757289 -2.22690357 20.00886626
44.28128684 -2.30213748 20.00784411
44.31674315 -2.37531263 20.00659790
44.35373470 -2.44715301 20.00565123
44.39220302 -2.51735175 20.00438740
44.43230915 -2.58553462 20.00307735
44.47360926 -2.65214433 20.00199872
44.51676954 -2.71669973 20.00076698
44.56116896 -2.77933588 19.99964152
44.60716805 -2.83969734 19.99840084
44.65449098 -2.89860737 19.99725455
44.70318527 -2.95465036 19.99612248
44.75353300 -3.00886502 19.99491374
44.80523917 -3.06122560 19.99367433
44.85832754 -3.11123538 19.99264133
44.91266315 -3.15858293 19.99145722
44.96813589 -3.20375349 19.99054044
45.02516992 -3.24664891 19.98951358
45.08328073 -3.28702774 19.98840153
45.14286968 -3.32506879 19.98738730
45.20338834 -3.36061750 19.98640737
45.26530769 -3.39320726 19.98545061
45.32810882 -3.42391169 19.98469329
45.39226063 -3.45183760 19.98378392
45.45734745 -3.47701997 19.98293784
45.52352635 -3.50001931 19.98216146
45.59062814 -3.52008851 19.98161406
45.65896785 -3.53717910 19.98114280
45.72789408 -3.55213143 19.98036328
45.79787331 -3.56409055 19.97970399
45.86873152 -3.57372378 19.97951404
45.94024418 -3.58028534 19.97906713
46.01263439 -3.58439621 19.97869593
46.08557777 -3.58544973 19.97856113
46.15948765 -3.58462041 19.97843652
46.23402286 -3.58022148 19.97806345
46.30913104 -3.57394662 19.97825460
46.38467785 -3.56455480 19.97817343
46.46072388 -3.55269605 19.97817182
46.53735835 -3.53805670 19.97841766
46.61438614 -3.52118601 19.97874410
46.69164431 -3.50102701 19.97900799
46.76937164 -3.47872482 19.97915498
46.84752611 -3.45393531 19.97979861
46.92560550 -3.42679643 19.98023904
47.00402849 -3.39653192 19.98103600
47.08262962 -3.36486447 19.98161500
47.16136312 -3.32992589 19.98222248
47.24011082 -3.29284182 19.98308814
47.31876613 -3.25364342 19.98405801
47.39732299 -3.21186124 19.98483103
47.47610088 -3.16846706 19.98575933
47.55470489 -3.12231574 19.98690801
47.63306482 -3.07400494 19.98796434
47.71127448 -3.02416851 19.98917261
47.78903480 -2.97080226 19.99041135
47.86664755 -2.91691844 19.99178859
47.94380830 -2.86008159 19.99295470
48.02060724 -2.80259441 19.99449045
48.09718244 -2.74268020 19.99605927
48.17324539 -2.68134761 19.99739181
48.24883478 -2.61725196 19.99881017
48.32374288 -2.55221819 20.00049333
48.39776654 -2.48558814 20.00221828
48.47188892 -2.41764349 20.00367341
48.54497889 -2.34847872 20.00534665
48.61756773 -2.27717134 20.00672763
48.68925663 -2.20517040 20.00885736
48.76070440 -2.13090309 20.01023407
48.83110892 -2.05715773 20.01169260
48.90066483 -1.98137724 20.01341327
48.96955216 -1.90404349 20.01527478
49.03731004 -1.82704002 20.01660775
49.10458903 -1.74866461 20.01825832
49.17061274 -1.66866228 20.02007765
49.23561392 -1.58865265 20.02124375
49.30030878 -1.50684473 20.02286444
49.36400296 -1.42684837 20.02525445
49.42649105 -1.34291400 20.02582362
49.48893596 -1.26145248 20.02729141
49.54966996 -1.17755427 20.02893258
49.60928146 -1.09417324 20.03045515
49.66869023 -1.01014785 20.03160968
49.72607222 -0.92660988 20.03266794
49.78294798 -0.84229345 20.03411252
49.83918825 -0.75882345 20.03620645
49.89471668 -0.67367494 20.03665696
49.94839097 -0.58889502 20.03737343
50.00193411 -0.50421605 20.03908492
50.05445495 -0.41847128 20.03926630
50.10553085 -0.33505506 20.04036412
50.15654655 -0.25125368 20.04037067
50.20572559 -0.16776917 20.04189467
50.25528119 -0.08297716 20.04254145
50.30353908 -0.00017945 20.04307805
50.35047870 0.08353413 20.04332818
50.39629115 0.16713544 20.04424285
50.44211319 0.24930423 20.04319952
50.48761322 0.33095286 20.04389950
50.53158841 0.41276144 20.04402588
50.57555341 0.49328729 20.04313340
50.61821206 0.57528824 20.04285691
50.66137190 0.65285520 20.04292551
50.70317826 0.73436982 20.04228089
50.74436705 0.81230090 20.04187807
50.78517066 0.88957546 20.04221227
50.82514157 0.96892293 20.04058607
50.86574640 1.04680049 20.04016414
50.90519999 1.12239799 20.03889679
50.94484777 1.19801923 20.03894993
50.98481683 1.27312280 20.03666690
51.02333463 1.34784057 20.03645799
51.06210201 1.42203168 20.03480546
51.10023293 1.49440030 20.03371274
51.13962010 1.56871107 20.03210338
51.17841733 1.64096624 20.03016333
51.21696692 1.71044824 20.02833404
51.25708106 1.78224211 20.02722508
51.29492927 1.85323886 20.02531058
51.33598975 1.92465575 20.02261923
51.37456677 1.99162602 20.02128499
51.41481673 2.06055973 20.02017829
51.45572020 2.12723990 20.01940844
51.49540923 2.19686308 20.01603448
51.53619630 2.26388263 20.01364672
51.57780175 2.33150255 20.01163511
51.62027433 2.39712858 20.01080094
51.66461417 2.46194167 20.00770608
51.70765684 2.52633797 20.00542361
51.75130198 2.59186038 20.00235750
51.79722536 2.65679324 20.00022126
51.84338329 2.72230922 19.99888020
51.89039795 2.78383944 19.99602435
51.93805680 2.85040510 19.99430211
51.98669193 2.91041884 19.99245323
52.03741762 2.97383829 19.98876366
52.08625129 3.03971560 19.99016233
52.13936681 3.09983970 19.98409536
52.19331443 3.16391909 19.98381476
52.24672595 3.22403688 19.98189854
52.30219651 3.28752638 19.98115791
52.35843516 3.35022280 19.97958309
52.41662054 3.41090879 19.97548160
52.47651587 3.47813446 19.97419081
52.53609542 3.53630389 19.97307529
52.59793264 3.59744640 19.97093669
52.66011942 3.66067369 19.97047147
52.72419880 3.72217092 19.96854847
52.78948813 3.78556428 19.96585295
52.85719479 3.84659589 19.96453256
52.92524967 3.90603919 19.96431702
52.99538222 3.96663564 19.96354948
53.06451734 4.02731420 19.96395722
53.13785185 4.08877782 19.96162054
53.21083853 4.14645393 19.96170469
53.28678911 4.21111930 19.95912328
53.35960850 4.27155957 19.95967075
53.43782968 4.32861644 19.95625862
53.51715041 4.38721566 19.96028605
53.59687520 4.45047448 19.95811793
53.67841841 4.50804950 19.96242587
53.76094274 4.57355759 19.96024661
53.84451289 4.62960963 19.96095696
53.92585578 4.68712974 19.95921214
54.01317812 4.74292149 19.95849017
54.09826406 4.79999772 19.96006012
54.18279379 4.85684273 19.96130613
54.27373421 4.91615519 19.96564837
54.36135450 4.96443654 19.96324015
54.45057197 5.02428437 19.96375999
54.54034204 5.08033753 19.96670220
54.63234152 5.12987158 19.96962146
54.72255784 5.18872149 19.96712757
54.81428493 5.23500480 19.97511727
54.90604437 5.28447841 19.96910326
54.99771385 5.33571473 19.97360868
55.09173207 5.38770011 19.97682417
55.18438418 5.43201437 19.98107127
55.27607885 5.47922129 19.98117744
55.36790754 5.52490776 19.98221908
55.46085616 5.56554001 19.97962895
55.55359744 5.60557565 19.98331817
55.64572449 5.64305110 19.98914380
55.73641392 5.67660714 19.99308086
55.82839775 5.70878761 19.99303490
55.91844651 5.74245964 19.99420664
56.00819430 5.77617321 19.99621053
56.09800941 5.80366961 20.00061492
56.18740062 5.82642598 19.99853506
56.27604208 5.85374000 20.00101094
56.36085127 5.87588715 20.00583094
56.44883887 5.88440908 20.00694094
56.53138323 5.90606102 20.00284410
56.61115566 5.92760707 20.01146158
56.69410381 5.93519462 20.01002085
56.77635177 5.93772292 20.01077820
56.85536257 5.94732937 20.01579578
56.92838600 5.94855714 20.01195830
57.00571797 5.94052071 20.01858639
57.07846675 5.93169778 20.02660173
57.15317453 5.92981553 20.01934701
57.21774287 5.92798531 20.01919081
57.28748879 5.91055699 20.01723434
57.35607105 5.88610585 20.02188595
57.41665876 5.87593677 20.01889022
57.47943234 5.85051597 20.02381506
57.53957472 5.82407738 20.02610916
57.59754501 5.77494781 20.02458692
57.65145242 5.76458523 20.02283842
57.69928551 5.71429986 20.02320310
57.75373132 5.68343970 20.02579937
57.80035716 5.63127107 20.02571209
57.84239189 5.59325729 20.02244684
57.88787876 5.53943345 20.01507063
57.92348918 5.47602955 20.01531159
57.96461535 5.42516273 20.01908479
58.00273169 5.36942207 20.01522749
58.02806641 5.30356394 20.01428960
58.06145782 5.23603482 20.00702368
58.08645153 5.16287967 20.01587356
58.11151135 5.08920688 20.00802994
58.13197808 5.02639017 20.00667260
58.15579253 4.93219431 19.99804038
58.16986719 4.86557938 20.00915474
58.18521169 4.77525222 20.00325202
58.19872595 4.69011561 19.99726582
58.20509866 4.60674302 19.99684763
58.21319225 4.51242574 19.99199862
58.22082042 4.42009277 19.99550686
58.22232001 4.32673426 19.98814486
58.22804019 4.24626988 19.98948111
58.21993746 4.13110546 19.99293817
58.22406440 4.04595895 19.97275931
58.21090370 3.93975840 19.97673057
58.20931102 3.86338337 19.97612066
58.19787302 3.73527839 19.96566239
58.18708757 3.63936418 19.96469382
58.17403271 3.53031987 19.96052684
58.16122786 3.41179545 19.96723115
58.14901199 3.32329754 19.97062329
58.12750585 3.22367653 19.96761508
58.11098137 3.11796176 19.96354015
58.09433729 3.02964842 19.95768909
58.06572632 2.92953977 19.95455693
58.04865691 2.79594885 19.96057000
58.02712328 2.69947771 19.94375462
58.00106937 2.60010383 19.94625250
57.97709025 2.49211915 19.95866777
57.94672596 2.40371389 19.94705953
57.92928997 2.29675918 19.94886095
57.90820944 2.20568518 19.94924747
57.87123620 2.12805607 19.95255150
57.84947912 2.00553720 19.94433499
57.81510546 1.91004736 19.95171702
57.78934173 1.83358664 19.95583676
57.76310618 1.72617251 19.94839263
57.73770315 1.65413685 19.94328548
57.70478070 1.56241701 19.94810855
57.67520975 1.48813974 19.95156728
57.63897130 1.40056329 19.97020342
57.61706630 1.29550770 19.97172838
57.58337618 1.24407764 19.96313631
57.54830325 1.14772486 19.95612007
57.52245086 1.08437274 19.96672388
57.48593266 0.98099545 19.97794688
57.46496820 0.95478341 19.97109792
57.42816765 0.83856532 19.98498975
57.39169055 0.78610482 19.98400404
57.38427737 0.69876945 19.97658535
57.33711477 0.61376487 19.97809434
57.31976734 0.58402584 19.98485043
57.28769214 0.48441029 19.99199753
57.24527128 0.41544933 19.98535667
57.22440674 0.35648362 19.98483741
57.19477378 0.30109399 20.00059634
57.17112242 0.23107097 19.99579309
57.12482806 0.14503219 19.98007081
57.10122812 0.06838564 20.00041801
57.05453204 0.00823034 19.99768443
57.03948171 -0.08023540 20.00523168
56.99681533 -0.16396032 19.98617500
56.97206593 -0.25959516 20.00457239
56.93091377 -0.30753177 19.98555800
56.90346634 -0.38009917 19.99425026
56.85478427 -0.44210115 20.00285495
56.82306843 -0.53869811 19.96427766
56.79671310 -0.59674846 19.97965806
56.74539375 -0.66206803 19.97748438
56.71515213 -0.80650244 19.98211278
56.65636486 -0.86790199 19.98219968
56.62653466 -0.95872818 19.98493873
56.58435188 -1.04079154 19.96539029
56.54144764 -1.15789487 19.96029008
56.50065784 -1.22344745 19.95530805
56.45899006 -1.33666626 19.94499029
56.41469568 -1.48434688 19.93605672
56.36435973 -1.53655713 19.94923020
56.31622991 -1.70246597 19.93145062
56.27102628 -1.78999381 19.93167160
56.21971143 -1.83508001 19.92294389
56.18184707 -1.97300524 19.91195202
56.15719818 -2.08710842 19.90105999
56.10934601 -2.20658410 19.88903890
56.05628923 -2.27882026 19.93689247
56.02586128 -2.35272031 19.91305230
55.96662333 -2.46250924 19.91029447
55.94690687 -2.59013065 19.88420314
55.90106541 -2.64769909 19.87399156
55.85469010 -2.78395025 19.91907727
55.80877939 -2.84567622 19.91107720
55.78243906 -2.93919214 19.91453872
55.73271240 -2.98718688 19.90855037
55.74072923 -3.07174552 19.91391431
55.68277264 -3.13864106 19.90262335
55.65204838 -3.19080655 19.94115613
55.63683605 -3.21550791 19.94629337
55.60619092 -3.26293265 19.96193186
55.57485059 -3.25710013 19.91861782
55.57873149 -3.37348721 19.96130544
55.51987894 -3.34796735 19.94654044
55.52084582 -3.50127919 19.96275824
55.47175857 -3.49347514 19.98259911
55.43744855 -3.56558578 19.96773451
55.41548928 -3.59977645 19.99445086
55.37072818 -3.68069955 19.99431618
55.31722571 -3.80267767 19.96678266
55.25988813 -3.87087325 19.96624609
55.18926888 -4.03244725 19.96339241
55.08852459 -4.25596494 19.93575952
54.96797746 -4.46750085 19.92858700
