1.96643251 -0.01224678 0.18202192
2.31492728 -0.00282905 0.06863164
2.22183150 -0.00465168 -0.06793986
2.09203653 -0.04035350 -0.13258074
1.90986920 -0.07693198 -0.09752069
1.66262640 -0.06959468 0.00491825
1.36186350 0.00395031 0.08687743
1.05903461 0.09146687 0.07120424
0.80901757 0.10547977 -0.01432515
0.62813360 0.03673821 -0.07735350
0.50543767 -0.04921077 -0.06854938
0.42543920 -0.08729780 -0.00939747
0.37637661 -0.06298269 0.04683358
0.35071453 -0.00527144 0.06382302
0.34401596 0.04312763 0.03929628
0.35393883 0.05625184 -0.00189604
0.37956215 0.03594255 -0.03211786
0.42092833 0.00216368 -0.03794965
0.47865432 -0.02308938 -0.02357211
0.55346961 -0.02902679 -0.00300806
0.64556166 -0.01842188 0.01150257
0.75371132 -0.00160198 0.01546641
0.87445639 0.01132205 0.01129968
1.00184691 0.01545225 0.00400445
1.12832978 0.01168917 -0.00243295
1.24656846 0.00436871 -0.00600073
1.35115631 -0.00186867 -0.00620993
1.43929181 -0.00436552 -0.00369723
1.51040159 -0.00310946 0.00000953
1.56530989 0.00005370 0.00303923
1.60547662 0.00285725 0.00405849
1.63249822 0.00384436 0.00294110
1.64785082 0.00287844 0.00072194
1.65279274 0.00088307 -0.00113374
1.64835437 -0.00087845 -0.00163562
1.63537013 -0.00153591 -0.00076875
1.61452840 -0.00099637 0.00066623
1.58642763 0.00014989 0.00167967
1.55163298 0.00107441 0.00173043
1.51072975 0.00121812 0.00097957
1.46436967 0.00057458 0.00006324
1.41330520 -0.00038427 -0.00039612
1.35840631 -0.00105698 -0.00018763
1.30065523 -0.00109815 0.00042357
1.24111785 -0.00059961 0.00095523
1.18089504 0.00002559 0.00106709
1.12106228 0.00034942 0.00076331
1.06260902 0.00020388 0.00032703
1.00638881 -0.00025157 0.00007769
0.95308784 -0.00068530 0.00014836
0.90321429 -0.00083534 0.00043106
0.85710602 -0.00066443 0.00069484
0.81495140 -0.00034271 0.00076269
0.77681710 -0.00010120 0.00061706
0.74267755 -0.00007543 0.00037924
0.71244250 -0.00024049 0.00020311
0.68598052 -0.00045942 0.00017061
0.66313785 -0.00059054 0.00025549
0.64375253 -0.00057453 0.00036290
0.62766461 -0.00045234 0.00040293
0.61472292 -0.00031860 0.00034472
0.60478930 -0.00025325 0.00022229
0.59774091 -0.00027730 0.00009981
0.59347095 -0.00035369 0.00002672
0.59188839 -0.00042208 0.00001209
0.59291685 -0.00043930 0.00002885
0.59649279 -0.00040032 0.00003826
0.60256317 -0.00033220 0.00001534
0.61108254 -0.00027099 -0.00003986
0.62200979 -0.00023895 -0.00010815
0.63530420 -0.00023521 -0.00016662
0.65092125 -0.00024182 -0.00020224
0.66880782 -0.00023807 -0.00021655
0.68889718 -0.00021290 -0.00022086
0.71110375 -0.00016882 -0.00022734
0.73531791 -0.00011734 -0.00024199
0.76140133 -0.00007052 -0.00026280
0.78918294 -0.00003439 -0.00028291
0.81845637 -0.00000734 -0.00029551
0.84897906 0.00001682 -0.00029741
0.88047354 0.00004405 -0.00028981
0.91263117 0.00007664 -0.00027651
0.94511819 0.00011261 -0.00026137
0.97758398 0.00014764 -0.00024644
1.00967084 0.00017783 -0.00023152
1.04102452 0.00020152 -0.00021512
1.07130464 0.00021951 -0.00019570
1.10019414 0.00023395 -0.00017276
1.12740698 0.00024678 -0.00014703
1.15269370 0.00025869 -0.00012002
1.17584467 0.00026912 -0.00009329
1.19669109 0.00027692 -0.00006780
1.21510409 0.00028120 -0.00004371
1.23099245 0.00028188 -0.00002065
1.24429918 0.00027963 0.00000188
1.25499779 0.00027550 0.00002406
1.26308822 0.00027033 0.00004568
1.26859311 0.00026447 0.00006626
1.27155431 0.00025783 0.00008533
1.27202997 0.00025015 0.00010268
1.27009203 0.00024126 0.00011841
1.26582434 0.00023131 0.00013281
1.25932109 0.00022065 0.00014617
1.25068575 0.00020970 0.00015864
1.24003020 0.00019877 0.00017018
1.22747402 0.00018794 0.00018068
1.21314394 0.00017713 0.00019004
1.19717323 0.00016620 0.00019830
1.17970105 0.00015510 0.00020560
1.16087163 0.00014389 0.00021211
1.14083334 0.00013270 0.00021798
1.11973757 0.00012165 0.00022325
1.09773734 0.00011080 0.00022792
1.07498595 0.00010012 0.00023195
1.05163535 0.00008951 0.00023534
1.02783458 0.00007891 0.00023814
1.00372819 0.00006827 0.00024041
0.97945478 0.00005762 0.00024223
0.95514564 0.00004700 0.00024362
0.93092364 0.00003645 0.00024460
0.90690233 0.00002597 0.00024512
0.88318535 0.00001552 0.00024516
0.85986604 0.00000509 0.00024472
0.83702735 -0.00000535 0.00024381
0.81474203 -0.00001578 0.00024245
0.79307293 -0.00002617 0.00024065
0.77207359 -0.00003647 0.00023838
0.75178890 -0.00004665 0.00023564
0.73225585 -0.00005669 0.00023238
0.71350440 -0.00006657 0.00022860
0.69555831 -0.00007626 0.00022428
0.67843607 -0.00008573 0.00021942
0.66215171 -0.00009493 0.00021402
0.64671560 -0.00010382 0.00020807
0.63213531 -0.00011234 0.00020156
0.61841622 -0.00012043 0.00019447
0.60556223 -0.00012806 0.00018680
0.59357636 -0.00013518 0.00017854
0.58246125 -0.00014175 0.00016969
0.57221962 -0.00014770 0.00016026
0.56285469 -0.00015298 0.00015026
0.55437050 -0.00015755 0.00013969
0.54677220 -0.00016133 0.00012857
0.54006629 -0.00016428 0.00011691
0.53426075 -0.00016634 0.00010472
0.52936513 -0.00016746 0.00009204
0.52539065 -0.00016760 0.00007889
0.52235010 -0.00016669 0.00006530
0.52025777 -0.00016468 0.00005132
0.51912926 -0.00016152 0.00003700
0.51898119 -0.00015716 0.00002238
0.51983082 -0.00015155 0.00000752
0.52169557 -0.00014464 -0.00000751
0.52459239 -0.00013639 -0.00002263
0.52853701 -0.00012676 -0.00003776
0.53354304 -0.00011571 -0.00005282
0.53962097 -0.00010321 -0.00006769
0.54677693 -0.00008924 -0.00008226
0.55501143 -0.00007377 -0.00009643
0.56431789 -0.00005680 -0.00011007
0.57468118 -0.00003833 -0.00012305
0.58607610 -0.00001839 -0.00013523
0.59846586 0.00000299 -0.00014648
0.61180082 0.00002578 -0.00015666
0.62601732 0.00004990 -0.00016564
0.64103697 0.00007528 -0.00017330
0.65676633 0.00010182 -0.00017952
0.67309717 0.00012940 -0.00018422
0.68990734 0.00015791 -0.00018730
0.70706238 0.00018718 -0.00018873
0.72441766 0.00021709 -0.00018847
0.74182128 0.00024748 -0.00018653
0.75911731 0.00027820 -0.00018293
0.77614949 0.00030909 -0.00017772
0.79276488 0.00034001 -0.00017099
0.80881760 0.00037084 -0.00016284
0.82417213 0.00040144 -0.00015338
0.83870620 0.00043172 -0.00014276
0.85231309 0.00046158 -0.00013111
0.86490318 0.00049095 -0.00011859
0.87640484 0.00051976 -0.00010534
0.88676467 0.00054795 -0.00009151
0.89594705 0.00057550 -0.00007724
0.90393325 0.00060235 -0.00006267
0.91072014 0.00062850 -0.00004792
0.91631858 0.00065391 -0.00003311
0.92075165 0.00067857 -0.00001833
0.92405287 0.00070247 -0.00000368
0.92626435 0.00072558 0.00001077
0.92743500 0.00074789 0.00002496
0.92761894 0.00076938 0.00003883
0.92687399 0.00079004 0.00005234
0.92526032 0.00080983 0.00006545
0.92283928 0.00082874 0.00007815
0.91967242 0.00084673 0.00009043
0.91582065 0.00086378 0.00010227
0.91134350 0.00087986 0.00011367
0.90629860 0.00089494 0.00012465
0.90074127 0.00090897 0.00013521
0.89472412 0.00092193 0.00014536
0.88829688 0.00093379 0.00015514
0.88150625 0.00094450 0.00016455
0.87439573 0.00095404 0.00017362
0.86700572 0.00096236 0.00018239
0.85937343 0.00096944 0.00019088
0.85153299 0.00097525 0.00019911
0.84351554 0.00097975 0.00020712
0.83534931 0.00098292 0.00021493
0.82705977 0.00098473 0.00022259
0.81866973 0.00098516 0.00023010
0.81019956 0.00098419 0.00023752
0.80166726 0.00098179 0.00024486
0.79308862 0.00097796 0.00025216
0.78447743 0.00097269 0.00025943
0.77584555 0.00096595 0.00026672
0.76720309 0.00095775 0.00027404
0.75855852 0.00094807 0.00028142
0.74991883 0.00093693 0.00028888
0.74128961 0.00092432 0.00029645
0.73267518 0.00091025 0.00030415
0.72407872 0.00089472 0.00031200
0.71550229 0.00087776 0.00032002
0.70694701 0.00085936 0.00032824
0.69841307 0.00083956 0.00033666
0.68989985 0.00081838 0.00034532
0.68140597 0.00079583 0.00035422
0.67292933 0.00077196 0.00036338
0.66446718 0.00074677 0.00037282
0.65601620 0.00072033 0.00038255
0.64757247 0.00069265 0.00039259
0.63913157 0.00066378 0.00040296
0.63068859 0.00063376 0.00041366
0.62223813 0.00060265 0.00042471
0.61377438 0.00057048 0.00043612
0.60529107 0.00053731 0.00044791
0.59678156 0.00050319 0.00046008
0.58823876 0.00046819 0.00047266
0.57965524 0.00043236 0.00048564
0.57102313 0.00039576 0.00049905
0.56233420 0.00035847 0.00051289
0.55357981 0.00032054 0.00052718
0.54475095 0.00028205 0.00054192
0.53583818 0.00024307 0.00055714
0.52683166 0.00020367 0.00057282
0.51772109 0.00016394 0.00058900
0.50849578 0.00012396 0.00060568
0.49914454 0.00008380 0.00062286
0.48965570 0.00004355 0.00064056
0.48001709 0.00000329 0.00065880
0.47021603 -0.00003687 0.00067757
0.46023929 -0.00007686 0.00069689
0.45007303 -0.00011658 0.00071677
0.43970282 -0.00015593 0.00073722
0.42911356 -0.00019482 0.00075824
0.41828959 -0.00023315 0.00077985
0.40721436 -0.00027081 0.00080205
0.39587079 -0.00030770 0.00082485
0.38424084 -0.00034371 0.00084825
0.37230579 -0.00037875 0.00087226
0.36004607 -0.00041268 0.00089689
0.34744121 -0.00044541 0.00092213
0.33446984 -0.00047682 0.00094798
0.32110976 -0.00050678 0.00097445
0.30733770 -0.00053519 0.00100153
0.29312959 -0.00056192 0.00102921
0.27846026 -0.00058685 0.00105748
0.26330381 -0.00060984 0.00108633
0.24763316 -0.00063079 0.00111573
0.23142066 -0.00064955 0.00114566
0.21463752 -0.00066600 0.00117609
0.19725449 -0.00068000 0.00120699
0.17924156 -0.00069144 0.00123831
0.16056831 -0.00070017 0.00126998
0.14120401 -0.00070608 0.00130196
0.12111797 -0.00070902 0.00133417
0.10027958 -0.00070889 0.00136651
0.07865906 -0.00070557 0.00139889
0.05622737 -0.00069895 0.00143119
0.03295714 -0.00068892 0.00146329
0.00882307 -0.00067539 0.00149504
-0.01619762 -0.00065831 0.00152628
-0.04212421 -0.00063760 0.00155682
-0.06897176 -0.00061323 0.00158646
-0.09675058 -0.00058521 0.00161500
-0.12546465 -0.00055353 0.00164221
-0.15511138 -0.00051827 0.00166784
-0.18568029 -0.00047951 0.00169162
-0.21715231 -0.00043737 0.00171331
-0.24949866 -0.00039204 0.00173264
-0.28268061 -0.00034374 0.00174933
-0.31664836 -0.00029273 0.00176314
-0.35134145 -0.00023933 0.00177382
-0.38668802 -0.00018389 0.00178115
-0.42260581 -0.00012681 0.00178494
-0.45900212 -0.00006854 0.00178503
-0.49577549 -0.00000953 0.00178131
-0.53281651 0.00004974 0.00177369
-0.57001016 0.00010876 0.00176216
-0.60723674 0.00016705 0.00174674
-0.64437525 0.00022412 0.00172751
-0.68130462 0.00027950 0.00170458
-0.71790601 0.00033276 0.00167812
-0.75406563 0.00038351 0.00164831
-0.78967570 0.00043138 0.00161540
-0.82463662 0.00047607 0.00157964
-0.85885767 0.00051731 0.00154128
-0.89225900 0.00055490 0.00150060
-0.92477060 0.00058868 0.00145789
-0.95633465 0.00061853 0.00141342
-0.98690218 0.00064438 0.00136744
-1.01643671 0.00066621 0.00132023
-1.04491037 0.00068402 0.00127200
-1.07230511 0.00069784 0.00122299
-1.09861030 0.00070775 0.00117339
-1.12382347 0.00071384 0.00112339
-1.14794809 0.00071620 0.00107314
-1.17099352 0.00071495 0.00102279
-1.19297298 0.00071024 0.00097246
-1.21390404 0.00070221 0.00092226
-1.23380702 0.00069100 0.00087227
-1.25270455 0.00067677 0.00082257
-1.27062076 0.00065967 0.00077321
-1.28758098 0.00063987 0.00072426
-1.30361164 0.00061751 0.00067575
-1.31873841 0.00059275 0.00062771
-1.33298757 0.00056575 0.00058016
-1.34638506 0.00053666 0.00053311
-1.35895582 0.00050564 0.00048657
-1.37072415 0.00047283 0.00044053
-1.38171373 0.00043839 0.00039502
-1.39194578 0.00040244 0.00034999
-1.40144299 0.00036514 0.00030547
-1.41022349 0.00032662 0.00026141
-1.41830726 0.00028701 0.00021783
-1.42571047 0.00024645 0.00017468
-1.43244975 0.00020508 0.00013198
-1.43853896 0.00016302 0.00008968
-1.44399142 0.00012040 0.00004777
-1.44881884 0.00007734 0.00000622
-1.45303126 0.00003395 -0.00003499
-1.45663839 -0.00000963 -0.00007586
-1.45964632 -0.00005327 -0.00011644
-1.46206295 -0.00009688 -0.00015673
-1.46389137 -0.00014032 -0.00019678
-1.46513631 -0.00018347 -0.00023660
-1.46579884 -0.00022623 -0.00027620
-1.46588092 -0.00026848 -0.00031560
-1.46537956 -0.00031012 -0.00035486
-1.46429500 -0.00035102 -0.00039397
-1.46262236 -0.00039107 -0.00043296
-1.46035736 -0.00043016 -0.00047183
-1.45749325 -0.00046814 -0.00051062
-1.45402236 -0.00050495 -0.00054935
-1.44993597 -0.00054046 -0.00058802
-1.44522312 -0.00057456 -0.00062664
-1.43987070 -0.00060714 -0.00066527
-1.43386760 -0.00063807 -0.00070387
-1.42719613 -0.00066723 -0.00074247
-1.41984135 -0.00069452 -0.00078108
-1.41178584 -0.00071983 -0.00081966
-1.40300747 -0.00074303 -0.00085827
-1.39348834 -0.00076402 -0.00089687
-1.38320397 -0.00078269 -0.00093548
-1.37213199 -0.00079888 -0.00097407
-1.36024776 -0.00081253 -0.00101258
-1.34752447 -0.00082349 -0.00105100
-1.33393472 -0.00083165 -0.00108933
-1.31945189 -0.00083693 -0.00112751
-1.30404799 -0.00083917 -0.00116545
-1.28769363 -0.00083826 -0.00120309
-1.27036026 -0.00083417 -0.00124037
-1.25202089 -0.00082677 -0.00127720
-1.23264792 -0.00081598 -0.00131346
-1.21221789 -0.00080170 -0.00134898
-1.19070453 -0.00078393 -0.00138372
-1.16809356 -0.00076259 -0.00141741
-1.14436544 -0.00073770 -0.00144993
-1.11951076 -0.00070919 -0.00148109
-1.09352625 -0.00067717 -0.00151065
-1.06641274 -0.00064173 -0.00153842
-1.03818374 -0.00060290 -0.00156416
-1.00885863 -0.00056085 -0.00158758
-0.97846545 -0.00051586 -0.00160850
-0.94704778 -0.00046805 -0.00162670
-0.91466564 -0.00041776 -0.00164180
-0.88137398 -0.00036535 -0.00165371
-0.84725991 -0.00031117 -0.00166219
-0.81241376 -0.00025556 -0.00166705
-0.77693285 -0.00019913 -0.00166823
-0.74093696 -0.00014227 -0.00166556
-0.70454446 -0.00008548 -0.00165903
-0.66788391 -0.00002933 -0.00164866
-0.63108650 0.00002577 -0.00163456
-0.59429410 0.00007933 -0.00161673
-0.55764056 0.00013081 -0.00159530
-0.52125035 0.00017981 -0.00157056
-0.48525804 0.00022596 -0.00154274
-0.44977876 0.00026893 -0.00151212
-0.41492599 0.00030846 -0.00147890
-0.38079241 0.00034429 -0.00144342
-0.34746959 0.00037621 -0.00140592
-0.31503195 0.00040419 -0.00136670
-0.28353921 0.00042800 -0.00132605
-0.25303773 0.00044781 -0.00128439
-0.22357434 0.00046348 -0.00124176
-0.19516421 0.00047514 -0.00119856
-0.16783615 0.00048276 -0.00115486
-0.14158985 0.00048653 -0.00111086
-0.11642217 0.00048652 -0.00106687
-0.09233363 0.00048288 -0.00102294
-0.06931147 0.00047576 -0.00097913
-0.04732513 0.00046528 -0.00093574
-0.02637101 0.00045164 -0.00089268
-0.00641106 0.00043502 -0.00085011
0.01257452 0.00041556 -0.00080803
0.03061813 0.00039339 -0.00076659
0.04774202 0.00036870 -0.00072565
0.06398908 0.00034162 -0.00068545
0.07937512 0.00031236 -0.00064590
0.09393973 0.00028104 -0.00060705
0.10770049 0.00024787 -0.00056873
0.12069661 0.00021290 -0.00053100
0.13295506 0.00017638 -0.00049408
0.14448510 0.00013852 -0.00045758
0.15534079 0.00009913 -0.00042196
0.16552559 0.00005858 -0.00038707
0.17505436 0.00001699 -0.00035243
0.18396925 -0.00002559 -0.00031832
0.19227426 -0.00006896 -0.00028468
0.19999736 -0.00011303 -0.00025170
0.20714920 -0.00015765 -0.00021931
0.21374716 -0.00020286 -0.00018740
0.21980046 -0.00024837 -0.00015578
0.22533497 -0.00029402 -0.00012468
0.23032844 -0.00034000 -0.00009342
0.23485000 -0.00038605 -0.00006315
0.23883724 -0.00043220 -0.00003278
0.24235473 -0.00047807 -0.00000298
0.24537045 -0.00052380 0.00002672
0.24791352 -0.00056888 0.00005601
0.24996576 -0.00061379 0.00008529
0.25153664 -0.00065818 0.00011458
0.25263625 -0.00070221 0.00014352
0.25324766 -0.00074566 0.00017231
0.25336751 -0.00078788 0.00020113
0.25299663 -0.00082936 0.00022997
0.25212932 -0.00087010 0.00025872
0.25074531 -0.00090965 0.00028765
0.24885222 -0.00094830 0.00031648
0.24641449 -0.00098579 0.00034555
0.24343186 -0.00102201 0.00037479
0.23988615 -0.00105682 0.00040415
0.23575227 -0.00109002 0.00043368
0.23099702 -0.00112187 0.00046377
0.22561883 -0.00115187 0.00049402
0.21956787 -0.00118020 0.00052465
0.21281128 -0.00120731 0.00055589
0.20531910 -0.00123209 0.00058764
0.19703038 -0.00125476 0.00062027
0.18795061 -0.00127515 0.00065282
0.17796843 -0.00129351 0.00068602
0.16703728 -0.00130939 0.00072042
0.15510453 -0.00132265 0.00075596
0.14209398 -0.00133341 0.00079258
0.12793178 -0.00134105 0.00082975
0.11250680 -0.00134560 0.00086799
0.09573472 -0.00134673 0.00090734
0.07751608 -0.00134432 0.00094774
0.05768001 -0.00133838 0.00098991
0.03614195 -0.00132800 0.00103349
0.01271526 -0.00131339 0.00107870
-0.01274291 -0.00129343 0.00112522
-0.04041295 -0.00126828 0.00117285
-0.07052186 -0.00123739 0.00122220
-0.10322596 -0.00119986 0.00127252
-0.13870031 -0.00115670 0.00132278
-0.17736270 -0.00110478 0.00137515
-0.21919154 -0.00104519 0.00142748
-0.26458913 -0.00097695 0.00147995
-0.31356708 -0.00089987 0.00153025
-0.36639585 -0.00081401 0.00157801
-0.42308852 -0.00071841 0.00162202
-0.48366241 -0.00061397 0.00166148
-0.54796320 -0.00050139 0.00169467
-0.61573615 -0.00038159 0.00172031
-0.68648381 -0.00025646 0.00173575
-0.75967091 -0.00012919 0.00174044
-0.83464612 -0.00000149 0.00173480
-0.91051176 0.00012521 0.00171931
-0.98629790 0.00024595 0.00169313
-1.06129184 0.00035985 0.00165831
-1.13452881 0.00046472 0.00161594
-1.20548284 0.00056011 0.00156837
-1.27336133 0.00064534 0.00151606
-1.33794997 0.00071917 0.00146092
-1.39893514 0.00078409 0.00140468
-1.45613964 0.00083814 0.00134734
-1.50971257 0.00088290 0.00129109
-1.55962224 0.00091938 0.00123649
-1.60601240 0.00094819 0.00118343
-1.64918020 0.00096916 0.00113280
-1.68922435 0.00098521 0.00108450
-1.72648216 0.00099415 0.00103915
-1.76104867 0.00100053 0.00099617
-1.79315663 0.00099894 0.00095467
-1.82311560 0.00099474 0.00091600
-1.85106677 0.00098624 0.00088075
-1.87714013 0.00097618 0.00084784
-1.90155798 0.00096066 0.00081705
-1.92441586 0.00094501 0.00078781
-1.94593864 0.00092619 0.00076080
-1.96616805 0.00090744 0.00073563
-1.98524877 0.00088376 0.00071221
-2.00327936 0.00086007 0.00069047
-2.02037664 0.00083463 0.00067088
-2.03654674 0.00080715 0.00065185
-2.05196847 0.00078015 0.00063471
-2.06668870 0.00075055 0.00061964
-2.08059788 0.00072187 0.00060340
-2.09411938 0.00069206 0.00059092
-2.10689414 0.00066154 0.00057816
-2.11914383 0.00063227 0.00056460
-2.13111486 0.00059932 0.00055535
-2.14242433 0.00056858 0.00054489
-2.15343737 0.00053409 0.00053528
-2.16407867 0.00050441 0.00052690
-2.17440616 0.00047177 0.00052013
-2.18431717 0.00044072 0.00051217
-2.19404686 0.00040814 0.00050563
-2.20337907 0.00037616 0.00049786
-2.21262005 0.00034418 0.00049323
-2.22148312 0.00031483 0.00048759
-2.23019859 0.00028378 0.00048260
-2.23872275 0.00025217 0.00047856
-2.24694149 0.00022309 0.00047228
-2.25512952 0.00019472 0.00046826
-2.26311343 0.00016231 0.00046558
-2.27091012 0.00013323 0.00046251
-2.27861047 0.00010773 0.00045983
-2.28595621 0.00008232 0.00045170
-2.29351781 0.00005529 0.00044942
-2.30067792 0.00002683 0.00044573
-2.30783962 0.00000304 0.00044308
-2.31489551 -0.00002346 0.00044131
-2.32173295 -0.00004734 0.00043670
-2.32855697 -0.00006950 0.00043229
-2.33516241 -0.00009010 0.00042581
-2.34185683 -0.00011297 0.00042369
-2.34825575 -0.00013290 0.00041980
-2.35462295 -0.00015310 0.00041536
-2.36089709 -0.00017172 0.00041084
-2.36699813 -0.00019000 0.00040436
-2.37320200 -0.00021242 0.00040227
-2.37891690 -0.00022443 0.00039277
-2.38488788 -0.00023826 0.00038734
-2.39045846 -0.00024949 0.00037856
-2.39614643 -0.00027065 0.00037343
-2.40169573 -0.00028504 0.00037067
-2.40685436 -0.00029794 0.00036035
-2.41223867 -0.00030767 0.00035335
-2.41724476 -0.00031671 0.00034335
-2.42216055 -0.00032651 0.00033223
-2.42674323 -0.00033016 0.00031626
-2.43165320 -0.00034315 0.00031150
-2.43591239 -0.00035545 0.00030207
-2.44040444 -0.00036110 0.00029653
-2.44455399 -0.00036895 0.00028789
-2.44828590 -0.00037098 0.00026873
-2.45203326 -0.00037278 0.00024887
-2.45577747 -0.00037831 0.00023797
-2.45872046 -0.00038415 0.00021898
-2.46199408 -0.00039072 0.00020742
-2.46485744 -0.00039014 0.00019718
-2.46758519 -0.00038795 0.00018744
-2.46969309 -0.00039126 0.00016579
-2.47192988 -0.00039647 0.00014561
-2.47382865 -0.00039329 0.00012797
-2.47509531 -0.00039047 0.00010389
-2.47669015 -0.00039179 0.00009155
-2.47754434 -0.00038623 0.00007664
-2.47784332 -0.00038650 0.00004978
-2.47832162 -0.00038336 0.00002819
-2.47851884 -0.00038705 0.00001471
-2.47825471 -0.00038651 0.00000152
-2.47693726 -0.00037079 -0.00003290
-2.47610150 -0.00036312 -0.00006023
-2.47482803 -0.00036464 -0.00007745
-2.47254385 -0.00035685 -0.00010397
-2.47080925 -0.00036224 -0.00011625
-2.46809131 -0.00035564 -0.00013360
-2.46463229 -0.00034040 -0.00016778
-2.46143724 -0.00032914 -0.00019553
-2.45764245 -0.00032252 -0.00021773
-2.45296617 -0.00031798 -0.00024715
-2.44853056 -0.00030815 -0.00026591
-2.44362949 -0.00031260 -0.00027754
-2.43766485 -0.00030654 -0.00030491
-2.43170600 -0.00028275 -0.00033532
-2.42513149 -0.00025971 -0.00036727
-2.41904742 -0.00026519 -0.00037537
-2.41070833 -0.00025475 -0.00041078
-2.40342732 -0.00024679 -0.00043478
-2.39530660 -0.00023027 -0.00045417
-2.38674498 -0.00022258 -0.00047279
-2.37777326 -0.00021280 -0.00049346
-2.36835112 -0.00019800 -0.00051779
-2.35853445 -0.00018804 -0.00054382
-2.34824889 -0.00016259 -0.00057057
-2.33801386 -0.00016392 -0.00058556
-2.32640109 -0.00013937 -0.00061517
-2.31594074 -0.00013227 -0.00062185
-2.30420499 -0.00012689 -0.00063283
-2.29183248 -0.00010962 -0.00066108
-2.27972508 -0.00009312 -0.00068662
-2.26757139 -0.00007706 -0.00069857
-2.25432363 -0.00007334 -0.00071869
-2.24144518 -0.00005504 -0.00073237
-2.22808278 -0.00004079 -0.00074567
-2.21437479 -0.00003128 -0.00076311
-2.20094194 -0.00002174 -0.00077144
-2.18625754 0.00000557 -0.00079722
-2.17306749 0.00000202 -0.00079701
-2.15844521 0.00001852 -0.00080467
-2.14380227 0.00003106 -0.00082216
-2.12918040 0.00003122 -0.00084144
-2.11464566 0.00003579 -0.00085194
-2.09998488 0.00004557 -0.00085427
-2.08452138 0.00008744 -0.00086948
-2.07027658 0.00009499 -0.00086707
-2.05476583 0.00010158 -0.00087646
-2.03965839 0.00007661 -0.00088892
-2.02505465 0.00005874 -0.00088944
-2.00976344 0.00007378 -0.00089481
-1.99412525 0.00011566 -0.00091386
-1.97970034 0.00012358 -0.00090925
-1.96379476 0.00011946 -0.00092078
-1.94865156 0.00011315 -0.00092921
-1.93395907 0.00010662 -0.00092288
-1.91826046 0.00008222 -0.00092896
-1.90335690 0.00009340 -0.00093159
-1.88807046 0.00011589 -0.00093598
-1.87299734 0.00011570 -0.00093811
-1.85869760 0.00007132 -0.00092339
-1.84260226 0.00008910 -0.00094179
-1.82773256 0.00010731 -0.00095704
-1.81190083 0.00008530 -0.00097860
-1.79754859 0.00006614 -0.00096973
-1.78224900 0.00005897 -0.00095513
-1.76730557 0.00003461 -0.00094121
-1.75211894 0.00001223 -0.00094217
-1.73654006 0.00004535 -0.00096546
-1.72181249 0.00001691 -0.00097307
-1.70545406 0.00002500 -0.00100400
-1.69060403 0.00001230 -0.00100267
-1.67631049 -0.00004591 -0.00096057
-1.65967670 -0.00004673 -0.00096071
-1.64442263 -0.00004233 -0.00097523
-1.62827711 -0.00004633 -0.00100285
-1.61211139 -0.00011870 -0.00103199
-1.59797113 -0.00013700 -0.00099852
-1.58035048 -0.00009965 -0.00100163
-1.56425140 -0.00010198 -0.00100552
-1.54883538 -0.00015178 -0.00099711
-1.53167437 -0.00019231 -0.00100770
-1.51352133 -0.00017980 -0.00106370
-1.49693190 -0.00020243 -0.00108673
-1.48045292 -0.00024278 -0.00105496
-1.46147704 -0.00023957 -0.00105816
-1.44551773 -0.00023404 -0.00101741
-1.42462357 -0.00023746 -0.00106645
-1.40857270 -0.00026308 -0.00105968
-1.38770748 -0.00034593 -0.00110738
-1.36888182 -0.00034506 -0.00113126
-1.34937338 -0.00034518 -0.00113421
-1.32917119 -0.00033514 -0.00111794
-1.30654708 -0.00038129 -0.00115538
-1.28774330 -0.00035488 -0.00113086
-1.26498771 -0.00034628 -0.00113775
-1.24365557 -0.00037473 -0.00113515
-1.21911371 -0.00043591 -0.00119573
-1.19642499 -0.00036530 -0.00123297
-1.17232090 -0.00040429 -0.00124040
-1.14950549 -0.00040145 -0.00119673
-1.11959280 -0.00048026 -0.00127109
-1.09528953 -0.00045283 -0.00130204
-1.06949639 -0.00038959 -0.00127533
-1.03908797 -0.00038485 -0.00131249
-1.01577790 -0.00039418 -0.00122826
-0.98147213 -0.00038917 -0.00130271
-0.95415768 -0.00042051 -0.00133927
-0.91962106 -0.00046063 -0.00144493
-0.89404124 -0.00036180 -0.00137354
-0.85544653 -0.00041648 -0.00140692
-0.82236332 -0.00034754 -0.00145572
-0.79168645 -0.00021794 -0.00139203
-0.75554627 -0.00016932 -0.00137029
-0.71678219 -0.00027535 -0.00144469
-0.68339010 -0.00038251 -0.00147657
-0.64484518 -0.00032119 -0.00151481
-0.60726745 -0.00025414 -0.00151965
-0.56817086 -0.00010233 -0.00151926
-0.53110390 -0.00006604 -0.00148274
-0.48448597 -0.00007424 -0.00158712
-0.45474049 -0.00009658 -0.00147802
-0.41057066 -0.00005735 -0.00146224
-0.36916618 -0.00005190 -0.00151267
-0.33447526 0.00001920 -0.00147787
-0.29061796 0.00005314 -0.00152183
-0.24505659 0.00013807 -0.00166060
-0.21362244 0.00012950 -0.00157031
-0.16926011 0.00014398 -0.00152825
-0.13512245 0.00017881 -0.00141531
-0.09149760 0.00017035 -0.00145279
-0.05672676 0.00021099 -0.00146971
-0.01444197 0.00023263 -0.00157676
0.01122019 0.00030957 -0.00141286
0.05894983 0.00040045 -0.00149595
0.08335072 0.00038470 -0.00136718
0.12368329 0.00032316 -0.00138283
0.15469590 0.00027366 -0.00139222
0.18875418 0.00032337 -0.00143463
0.21561611 0.00035812 -0.00134881
0.25523931 0.00042969 -0.00145677
0.27942186 0.00044744 -0.00139263
0.30714837 0.00048318 -0.00128082
0.33451778 0.00035219 -0.00117632
0.36830439 0.00038949 -0.00131156
0.38299359 0.00033756 -0.00118562
0.41765050 0.00041714 -0.00127754
0.44011624 0.00045429 -0.00131071
0.46233210 0.00040445 -0.00125011
0.48881885 0.00036001 -0.00124091
0.50348945 0.00031850 -0.00104701
0.53090776 0.00039449 -0.00106549
0.55248112 0.00043074 -0.00115750
0.56733555 0.00033900 -0.00109571
0.60146628 0.00046544 -0.00137555
0.60686663 0.00031163 -0.00118084
0.63487189 0.00030034 -0.00115073
0.64256682 0.00010221 -0.00086561
0.66393106 0.00016815 -0.00080345
0.67859481 0.00021685 -0.00083218
0.70329995 0.00045410 -0.00114742
0.71495458 0.00043202 -0.00123990
0.73288047 0.00017341 -0.00120916
0.74194093 0.00008072 -0.00090623
0.75781247 -0.00003567 -0.00069244
0.77649291 0.00016483 -0.00076988
0.78756975 0.00013159 -0.00085800
0.80474546 0.00038035 -0.00102999
0.80857016 0.00010964 -0.00084834
0.82820084 -0.00002487 -0.00083922
0.84309870 0.00006066 -0.00091719
0.84917930 -0.00018527 -0.00078541
0.86143456 -0.00012545 -0.00067139
0.88083419 0.00009423 -0.00084220
0.88852984 0.00005883 -0.00087584
0.90168165 0.00027066 -0.00087552
0.89836852 -0.00018667 -0.00042850
0.93083258 0.00008193 -0.00074296
0.91678259 -0.00019662 -0.00042001
0.94420884 -0.00009089 -0.00065780
0.95012116 -0.00019759 -0.00080060
0.95536545 -0.00006855 -0.00069693
0.96891848 -0.00031093 -0.00065479
0.97735492 -0.00026135 -0.00058066
0.97788646 -0.00033708 -0.00030533
0.99292086 0.00007551 -0.00033905
1.00639244 0.00010261 -0.00061966
1.00695950 0.00005049 -0.00060959
1.02121789 0.00015472 -0.00065320
1.02138048 -0.00049644 -0.00042191
1.02395382 -0.00067625 -0.00008716
1.03844506 -0.00073321 -0.00017466
1.04189873 0.00008688 -0.00027919
1.04308934 0.00014207 -0.00028443
1.05976246 0.00016941 -0.00052559
1.06949972 0.00004846 -0.00071900
1.06209305 -0.00034117 -0.00035099
1.06239158 -0.00049579 0.00018486
1.07757145 -0.00043665 0.00015905
1.07104950 -0.00034555 0.00016127
1.09110271 0.00017729 -0.00034902
1.06303724 -0.00031516 0.00003032
1.09690623 0.00017793 -0.00031298
1.08458731 -0.00016739 -0.00020566
1.08497375 -0.00053037 0.00005515
1.10415703 -0.00008261 -0.00015744
1.09018101 0.00033744 0.00005741
1.08979030 -0.00005713 0.00028667
1.08790274 -0.00027393 0.00042045
1.08173280 -0.00022516 0.00049903
1.09481734 -0.00016139 0.00009465
1.08928445 0.00002691 -0.00013585
1.08586215 -0.00020915 -0.00010092
1.08341199 0.00038347 0.00012184
1.07802947 0.00043549 0.00043587
1.06426451 -0.00027903 0.00081778
1.06126739 0.00001009 0.00084490
1.08102239 0.00007912 0.00009545
1.04900657 0.00070634 0.00009489
1.04818684 -0.00020551 0.00024424
1.04230395 -0.00020395 0.00045832
1.02056185 -0.00018969 0.00091936
1.05268635 0.00044803 0.00027226
1.02408851 0.00051348 0.00011516
1.01921443 0.00071652 0.00019217
0.99639822 0.00037601 0.00069184
0.97080883 0.00010313 0.00136692
0.98159269 -0.00027160 0.00111771
0.98317912 0.00007682 0.00032562
0.95522511 0.00069841 0.00010735
0.95703693 0.00111157 0.00000009
0.91833814 0.00038202 0.00073674
0.94943406 0.00072552 0.00051263
0.88974610 -0.00019708 0.00117959
0.89615030 0.00010710 0.00118850
0.93289797 0.00076973 -0.00012282
0.84721092 0.00057150 0.00048382
0.87103106 0.00107506 0.00059198
0.84440046 0.00018632 0.00090059
0.85270501 0.00047689 0.00063071
0.83964158 0.00051145 0.00035249
0.80643127 0.00045051 0.00071898
0.84299861 0.00165847 0.00003082
0.77342306 0.00042173 0.00079308
0.77974931 -0.00013401 0.00115314
0.79369460 0.00005330 0.00056800
0.76483869 0.00035101 0.00041069
0.77066550 0.00097018 0.00007709
0.73359477 0.00113678 0.00061397
0.71795782 0.00041471 0.00126202
0.71258155 0.00018377 0.00135831
0.72034635 -0.00023495 0.00059125
0.69756053 0.00043721 0.00021787
0.66875387 0.00011627 0.00062768
0.70531427 0.00125081 -0.00004827
0.69276928 0.00043581 -0.00036314
0.63020573 -0.00020809 0.00120156
0.63627055 -0.00019599 0.00198696
0.67074337 0.00059842 0.00074389
0.61478663 0.00048621 0.00061264
0.67095106 0.00130947 -0.00093967
0.59080239 0.00012129 0.00018797
0.61549617 -0.00166162 0.00080530
0.56854466 -0.00137880 0.00222045
0.59086340 -0.00057576 0.00174363
0.59202022 -0.00010807 0.00040897
0.57792886 0.00158561 -0.00041898
0.50363306 0.00011809 0.00113977
0.59086455 -0.00010542 -0.00002386
0.55817357 -0.00056021 -0.00029924
0.49390650 -0.00125896 0.00164309
0.57800447 -0.00065574 0.00031974
0.46730189 -0.00123895 0.00193588
0.49448766 -0.00124942 0.00199672
0.50966919 -0.00064591 0.00063170
0.50508906 0.00051480 -0.00061887
0.44612642 -0.00026042 0.00041625
0.47543904 -0.00133968 0.00073526
0.46166042 -0.00186212 0.00101527
0.41211444 -0.00189868 0.00229135
0.40752489 -0.00130167 0.00252326
0.38633760 -0.00097027 0.00217492
0.35438913 -0.00115959 0.00178781
0.33654046 -0.00107420 0.00139701
0.35783320 -0.00124034 0.00016627
0.35933863 -0.00103860 -0.00084678
0.29708430 -0.00129075 0.00062393
0.24927572 -0.00150040 0.00314315
0.29890833 -0.00151330 0.00271745
0.25543637 -0.00190322 0.00184068
0.09655258 -0.00117329 0.00444290
0.25652750 -0.00200649 0.00132621
0.26379948 -0.00234609 -0.00236484
0.09121953 -0.00206071 0.00022606
0.03073022 -0.00091541 0.00436705
0.12099022 -0.00098153 0.00392160
0.01681184 -0.00207281 0.00355445
-0.10354954 -0.00070278 0.00435958
-0.12069007 -0.00033375 0.00354202
-0.02518949 -0.00047914 0.00002274
-0.02833783 -0.00290091 -0.00283911
-0.24486855 -0.00235928 0.00120030
-0.34247399 0.00052516 0.00621499
-0.16629069 -0.00173370 0.00456187
-0.38477497 -0.00051859 0.00457426
-0.41417183 0.00023251 0.00315254
-0.70303834 0.00432604 0.00525725
-0.18991264 -0.00171981 -0.00178534
-0.81038606 -0.00293040 0.00468508
-0.51565360 -0.00572750 0.00183857
-0.84144363 -0.00202834 0.00489006
-0.73520902 -0.00173710 0.00370764
-0.86915020 0.00297051 0.00244704
-1.05905730 0.00650929 0.00262897
-0.89088987 0.00368986 0.00069108
-0.97101501 -0.00028944 -0.00068245
-1.20356078 -0.00219473 0.00356069
-1.11157911 -0.00148455 0.00390137
-1.24157637 0.00126217 0.00410494
-1.24292316 0.00310680 0.00266798
-1.25582600 -0.00022029 0.00017962
-1.32316670 0.00455140 -0.00028076
-1.36257490 -0.00014666 0.00051219
-1.40252574 0.00086123 0.00157559
-1.41337362 0.00083044 0.00209778
-1.49450820 -0.00007618 0.00315481
-1.48519364 0.00160125 0.00213969
-1.48836761 0.00192330 0.00015089
-1.55473494 0.00137169 0.00008457
-1.49982617 -0.00347215 -0.00141597
-1.64103855 0.00273808 0.00188840
-1.52236544 -0.00046246 0.00119559
-1.69409089 0.00212744 0.00378392
-1.59164675 -0.00471542 0.00175658
-1.65984633 0.00393851 0.00028929
-1.68277477 0.00285879 -0.00031566
-1.68994996 0.00245834 -0.00051500
-1.67841444 0.00356055 -0.00057513
-1.70796516 -0.00494556 0.00007853
-1.78341310 -0.00709986 0.00322066
-1.72585350 -0.00371931 0.00224358
-1.75707754 -0.00316386 0.00081399
-1.84917441 0.00128511 0.00140534
-1.69788144 0.01213817 -0.00178671
-1.79040944 0.00607994 -0.00274556
-1.82720589 -0.00277572 -0.00053569
-1.78931105 -0.00663487 0.00046188
-1.90163929 -0.00942235 0.00501003
-1.73239693 -0.00446492 0.00016042
-1.79825658 -0.00175299 -0.00252830
-2.01528900 -0.00141918 0.00215323
-1.74654560 0.00829301 -0.00063689
-1.91632707 0.00640894 -0.00079274
-1.89580172 -0.00415695 0.00018949
-1.81035291 -0.00409986 -0.00195168
-1.90982565 -0.00963246 0.00004384
-1.91541838 -0.00430781 0.00227782
-1.94967726 -0.00150802 0.00364031
-1.96313570 0.00461165 0.00314516
-1.77635975 0.01046685 -0.00172632
-2.15072512 -0.00302011 -0.00021056
-1.91989320 -0.00276413 -0.00317756
-1.95824417 -0.00836010 -0.00296495
-1.91036501 0.00144029 -0.00217335
-2.24541687 -0.00914559 0.00551205
-1.87745821 0.00573774 0.00026106
-2.17837786 0.00217331 -0.00022550
-1.65547514 0.00532066 -0.00780167
-2.07733577 0.00298342 -0.00460402
-2.09886239 -0.01394191 0.00257899
-1.88230329 -0.00525537 -0.00014569
-2.12227610 0.00194350 0.00317649
-1.91088973 0.00081027 0.00164464
-2.06204345 -0.00044350 0.00180417
-1.89653045 0.00122564 -0.00153402
-2.06442937 0.00784494 -0.00106725
-1.86949059 0.00627396 -0.00174309
-2.23089235 0.00120927 0.00399877
-1.73930898 -0.00246104 -0.00378510
-2.04209597 -0.00353917 -0.00090075
-1.82403120 -0.00058673 -0.00332558
-2.28018747 -0.00550498 0.00656617
-1.93239884 -0.00687491 0.00305947
-2.23642873 -0.00155439 0.00619741
-1.88803870 0.00661589 -0.00115679
-1.99697834 0.00178004 -0.00533889
-2.23673560 -0.00031498 -0.00038169
-1.77719423 0.01504640 -0.00565902
-2.33446271 0.00219311 -0.00101361
-1.88812901 -0.00558046 -0.00535553
-2.04560232 -0.01244956 -0.00250538
-1.92198787 -0.00171201 -0.00267305
-2.12741242 -0.00373139 0.00319635
-1.92344126 0.00453566 0.00128276
-1.86219223 0.01904141 -0.00243255
-2.33791887 -0.00083331 0.00117136
-1.85314413 0.00748651 -0.00951782
-2.04751608 -0.00949256 -0.00911958
-2.42071669 -0.02629571 0.01560310
-1.83872380 -0.01745721 -0.00534525
-1.78354992 -0.00400940 -0.01724391
-1.95174926 0.00621137 -0.01302426
-2.20429730 0.00206176 0.00345791
-1.96138627 -0.00963532 0.00998486
-2.06559045 -0.00189101 0.01274485
-1.72407631 0.00552716 -0.00162279
-2.24327409 -0.00851479 -0.00164598
-1.89886322 0.00442283 -0.01069188
-2.21030639 -0.00720440 -0.00591231
-1.84535004 -0.00604543 -0.00909312
-2.37391565 -0.01057524 0.00890690
-1.47627090 -0.00897629 -0.01020704
-2.28472012 0.00088048 0.00047923
-2.10307119 0.01362241 -0.00000908
-2.12278868 0.01991858 -0.00051166
-2.14448453 0.03622376 -0.00047346
-3.32559020 0.02456910 -0.03841031
-1.53746392 0.06846631 0.03936571
-3.55074484 0.02788076 -0.09218073
-1.56448975 0.12706671 0.07664853
-3.29925642 0.08511255 -0.16054341
-2.01489465 0.23881296 0.04841914
-2.14171074 0.30085773 0.02762747
-2.07604035 0.38906455 0.06386909
-1.98414940 0.49930397 0.12487087
-2.26991420 0.63858467 -0.00691863
-1.98284629 0.77652922 0.19278828
-1.99425034 0.95881837 0.21087196
-2.08876370 1.13129977 0.15002733
